8454185 
8519722 
8650795 
23527424 
25165824 
17432609 
16908320 
8781868 
15663150 
3014661 
15269934 
3014661 
15335470 
3014661 
8781869 
917505 
23527424 
8781869 
3014661 
11141166 
3014661 
11075630 
3014661 
11468846 
917505 
1441794 
15401006 
8781868 
3014661 
15663150 
3014661 
23527424 
8781869 
3014661 
11468846 
3014661 
11403310 
1966083 
25034752 
8585260 
25034752 
4 
2 
5 
1 
-1 
0 
0 
0 
0 
0 
0 
0 
0 
0 
0 
0 
0 
0 
0 
0 
0 
0 
0 
0 
0 
0 
0 
0 
0 
0 
0 
0 
0 
0 
0 
0 
0 
0 
0 
0 
0 
0 
0 
0 
0 
0 
0 
0 
0 
0 
0 
0 
0 
0 
0 
0 
0 
0 
0 
0 
0 
0 
0 
0 
0 
0 
0 
0 
0 
0 
0 
0 
0 
0 
0 
0 
0 
0 
0 
0 
0 
0 
0 
0 
0 
0 
0 
0 
0 
0 
0 
0 
0 
0 
0 
0 
0 
0 
0 
0 
0 
0 
0 
0 
0 
0 
0 
0 
0 
0 
0 
0 
0 
0 
0 
0 
0 
0 
0 
0 
0 
0 
0 
0 
0 
